4.707707167420853: -510.67730549942945,421.030759659459,153.63629962432566
4.0639500048594455: -314.88051608077024,393.51477236227333,27.414868211919504
4.438197827370534: -322.7952196130818,383.11600717784097,27.13159753610646
4.4776641803258: -976.9054443937393,1250.5437972801099,24.772941763428165
4.268703329269314: -391.31065702248884,321.73537044851355,75.77307898929996
4.316777556293076: -1478.9019768953726,1194.9176307401765,498.9865634323314
5.101615946110459: -738.3036622157313,880.0668024511406,16.51081105213278
4.4500230514990164: -799.4209404679375,624.8364321781704,349.9262794052351
4.402902772244152: -775.6847139039472,909.717835271714,11.483918947663437
4.038342361093411: -409.9498296863645,491.86841503999193,43.329802504133255
4.455125501161522: -425.5736849039904,515.5453546336307,12.22957562945641
4.2208450340461905: -522.0448127341318,636.2519202232726,23.33760928354277
4.377261996406649: -226.06589156109564,274.70128569300067,5.228735272210339
4.059633271290297: -126.21571118513559,91.90039649048751,114.69795477420004
5.870208853199971: -1819.2289467829798,2151.0993239516933,363.0367814461226
4.12360135371746: -1084.5390398674833,1302.2737095352907,28.595371138361756
4.135151902615943: -321.6036821632272,385.6235621513705,12.809009839868958
4.207576745018272: -186.4539322383371,215.63651097822859,2.3831634050614756
4.518027423418356: -845.1416647149952,1085.1305527297857,70.39569727707753
4.488352097879586: -508.15085619037853,593.4834272390505,103.58290953947034
4.051146365933313: -911.9670657731034,709.7233876402033,202.52200792185326
4.102846666912647: -139.43298046790937,201.27191538133914,4.32845185894405
4.297709482218321: -344.26434134336574,406.0188559924079,39.295570099603935
5.082771988224773: -330.5505947059397,274.82928867006626,202.58795462087298
