1|13.234316811686572|0.987630976252753|discovered_polynomials.txt
2|12.008987485104429|1.0165309168465937|discovered_polynomials.txt
3|12.814112161897501|0.9876973389932575|discovered_polynomials.txt
4|12.132219441031877|1.040248281972344|discovered_polynomials.txt
5|13.692180375818555|0.9850231112119388|discovered_polynomials.txt
6|12.918554277359707|0.9768749779882387|discovered_polynomials.txt
7|13.070719608443582|1.0039473085564998|discovered_polynomials.txt
8|12.313605292501709|0.9634241050701479|discovered_polynomials.txt
9|13.356780558302706|0.9938987900026346|discovered_polynomials.txt
10|12.54305347812019|0.9912853280491174|discovered_polynomials.txt
11|12.801090189974527|1.012915110509314|discovered_polynomials.txt
12|12.612303439202886|1.012591092761005|discovered_polynomials.txt
13|12.798242683404286|1.0162663632117601|discovered_polynomials.txt
14|10.831335240575395|0.9450154993909351|discovered_polynomials.txt
15|12.520551876126403|0.9703086892082845|discovered_polynomials.txt
16|12.940340963652947|1.0078883918205137|discovered_polynomials.txt
17|12.87651182131519|1.003614596302038|discovered_polynomials.txt
18|13.584004011970947|0.9832336861563508|discovered_polynomials.txt
19|11.67135693190404|1.0279050418026079|discovered_polynomials.txt
20|12.760778341317035|0.9616168574958786|discovered_polynomials.txt
21|13.321098172170812|0.9624154505971451|discovered_polynomials.txt
22|10.948083475192968|1.0609894212369897|discovered_polynomials.txt
23|12.809177071289895|0.9785292906466964|discovered_polynomials.txt
24|12.826465873293236|0.9948833042428612|discovered_polynomials.txt
